1;SuperChange;;0;18625
10;My-Xchange;878525859540;1036;4806
29;N-Change;;0;4909556
48;Exwp;800811812711;1795;128609
51;ExchangeX;687408836403;1938;237962
52;NetExchange;;0;665933
79;E-Obmen;;0;853348
80;Vmex;060994506852;1685;440177
90;Ex-Money;;0;209606556
107;WM-Sha;881627402476;1763;4859
120;MagneticExchange;;0;102257
128;XMLGold;;0;1430151
152;Vilcov;;0;40000
154;eCashMe;878525859540;1036;7750
155;Z-Obmen;;0;41526
157;WmBox;329025066047;2191;28688
170;XMoney;;0;147430
177;Alfacash;;0;2313074
184;Xchange;;0;70836749
197;WMSell;;0;5790
201;NixExchange;;0;401416
218;A-Exchange;;0;273366
220;WMGlobus;;0;61526664
223;МультиВал;;0;383081
227;MoneyChange;;0;45549
238;E-Money;;0;2930263
239;E-Scrooge;;0;50039015
643;Bchange;;0;899029
252;VIPchanger;397640011232;2351;1400330
730;WmMoney;445709135419;1298;11705
255;BazarMoney;250647852481;1126;11751
257;PM2WM;;0;100000
259;BTC2Cashin;;0;120806
268;Rapid-Obmen;;0;5360478
269;Paspar;;0;662
271;GoldObmen;;0;20747
273;ArmChange;;0;225314
274;MultiChange;;0;136896475
277;BTC2WM;;0;100000
279;MChange;;0;733795823
291;Ukr-Obmen;;0;5415501
297;Меняйко;192211650456;1648;5797
299;ObmenCash;;0;9640
311;Cryptex24;;0;508036
327;24Обмен;;0;60864
329;TytCoin;;0;182291
337;1WM;;0;86240
341;WMStream;185657319746;626;2004260
346;UltraChange;;0;11290692
364;N-Obmen;;0;30992
370;Obmenneg;426424364533;0;17305
372;HotExchange;;0;3044470
374;Echange;401537073488;1087;23964
377;ExBox;;0;311055149
380;FavoriteExchanger;266156638013;1346;2353686
381;ObmenAT;297157965491;2534;97212
385;ChangeMoney24;;0;169769455
386;Exch-em;;0;0
387;365Cash;;0;341746
395;InternetMoney;;0;33379318
397;AllCash;;0;16764848
399;CleanBTC;491088628726;0;1577688
405;OpenChange;;0;390624806
409;5Минут;157677488095;375;34903
411;BTCBank;;0;202332
412;WW-Pay;;0;1086702
417;24PayBank;;0;77915771
421;Receive-Money;;0;6874804
430;CoinTransfer;;0;42565419
433;Smart-Pays;;0;342377
436;RealExchange;271040623560;1228;3171540
921;Сатоши;;0;5069620
437;RuChange;;0;41945
438;WestChange;;0;2574384
439;Makoli;;0;28666
441;PMCash;;0;10375
444;Конверт;;0;53730
445;24Online;;0;340688
447;SpbWMCasher;049282223299;0;11761182
456;SafePay;196907527892;1416;115180
830;EliteObmen;;0;2447798
460;Lionex;;0;144794
466;BtcChange24;;0;1605919
464;MegaChange;380536951311;1410;40121
467;GoodObmen;;0;7535
468;Magnatus;;0;465122
469;MasterChange;238890286272;2123;30913050
471;ChBy;;0;60563820
472;Changer4u;;0;1659125
473;ImExchanger;;0;344670140
475;ObmenPP;;0;414497
489;ZB;;0;0
488;FastChange;;0;23750229
490;O-Paxum;;0;200575
498;Kraken;;0;0
499;Huobi;;0;0
502;OkCoin;;0;0
500;BitStamp;;0;0
504;OKEx;;0;0
497;Cexio;;0;0
496;Bitfinex;;0;0
492;Poloniex;;0;0
797;Excoin;;0;21062550
501;Currency;;0;0
503;HitBTC;;0;0
505;CryptoMate;;0;0
508;Gemini;;0;0
507;Bitkonan;;0;0
510;Binance;;0;0
509;TheRockTrading;;0;0
511;Bittrex;;0;0
512;CoinBase;;0;0
513;BitBay;;0;0
515;YoBit;;0;0
517;BaksMan;;0;378342208
521;Шахта;;0;28976025
522;Касса;;0;644836
519;BitExchanger;;0;50719164
526;FastExchange;;0;372416
528;WmExpress;;0;62518
532;QuickChange;;0;4465702
536;WuBill;;0;12351812
535;BitPayes;;0;54705
537;100BtcKiev;;0;2112509
539;NewLine;;0;430570734
544;Банкомат;;0;178372144
540;CryptoPay24;;0;25960753
743;Treddr;894221020033;8;4712640
546;NetEx24;;0;1187215
548;ObmenTop;191116885147;819;8538
550;PayBis;;0;17583345
551;RocketChange;697747012700;2107;7113429
555;Cashex;;0;287087861
556;ObmennCom;;0;35367
558;1Exchanger;;0;51403
559;MinedTrade;;0;6518787
562;Z-Exchange;;0;15122
565;Transfer24;;0;22293441
567;Coin-Bank;;0;32121
573;Биткоин24;;0;78074
575;Your-Coins;;0;36375
577;Bit-Обменка;;0;26636956
580;4ange;;0;71363436
581;8Pay;437302142553;1185;1502959
584;F-Change;;0;67011245
585;ObmenoFF;;0;772091
586;КэшБанк;;0;29511762
589;ObmenTech;421609434468;1542;0
588;7Money;;0;214563
590;ExMoney;;0;19828
608;GeeExchange;;0;34149689
606;CryptoMoney;;0;101576905
607;60сек;;0;420289730
609;ObmenMoney;279259009479;842;277566
612;Changelly;;0;5006780
614;El-Change;;0;27899420
615;Pocket-Exchange;;0;54641127
621;Pay-Today;;0;19378281
618;24BestEx;;0;28781134
624;VV-Obmen;;0;75460
622;ProstoCash;;0;1050417123
625;PayGet;;0;22486694
629;MonEx;189133223119;2985;701109
626;Best-Obmen;;0;17519712
636;WorldChange;;0;131485533
664;BitHunter;;0;136558652
645;BtcBit;;0;9273759
681;CryptoHome;;0;1946156
635;Staff-Obmen;;0;31722
633;YChanger;;0;392311039
736;Обменник-UZ;;0;9265
634;BestCoin;;0;3169601
668;MyCryptoMarket;;0;706844
650;Real-Bit;;0;7001697
638;Bitcoin24SU;;0;241402976
642;BuyBit;;0;30210
666;1Обмен;;0;75430924
655;BitStore;;0;10041790
659;1-Online;;0;173814843
665;Perfect-Change;;0;31424
670;FastEx;;0;141882
652;LasloBit;;0;442758
731;BigBank;;0;590311
689;TransCoin;;0;5393825
651;Монетка;702499140547;897;58180
657;Easy-Changer;;0;921533
661;Ферма;;0;45006932
654;Ru-Bas;;0;89245
738;HASchange;;0;31432639
702;Papa-Change;;0;232321775
660;FlyChange;290933993890;3077;8088175
693;CryptoBroker;;0;13369447
714;Top-Exchange;;0;2773612
715;Coins-Trade;;0;2882479
658;BtcTenge;;0;41017014
762;TetChange;;0;1114655
686;1Mile;;0;36586040
695;BTC-Обменник;;0;23389074
706;HoBit;;0;6263042
705;Cryptonex;;0;55897
713;CashOut;;0;219403
687;WikiPays;;0;0
701;WMCash;236702904683;1533;15949
749;BitOkk;;0;211437616
690;Fair-Exchange;413428403759;5;35715
685;BitCash;;0;543277
684;100Bitcoins;;0;71655086
723;BitObmen;;0;105383
718;Platov;;0;15312101
704;Change-X;;0;14543701
688;ExchangeExpress;279259009479;842;18573
710;Bittrend;;0;35241638
712;Criptify;;0;40760
755;Big-Changer;;0;69262
703;Obmen4you;320026778932;1455;17100
716;Bitok777;;0;231225
782;Tec-Bit;;0;9728143
750;CashAdmin;;0;73896332
763;PushPayer;753021635396;0;65121
758;CryptoBox;;0;7645669
741;BTCe-Obmen;;0;150099
737;BonkyPay;232342940453;0;58472757
761;FlashObmen;;0;429153
754;ObmenIM;;0;104359
757;ChangeNow;;0;130711839
783;ОбменДенег;;0;14388
770;BTC24pro;;0;287234
779;MoneyMix;;0;163165
790;Турбина;;0;27767115
776;XbiTrade;;0;814086
785;PayMarket;;0;142091
775;AllWMCash;;0;22333
804;PayBTC;;0;4927205
780;Bitcoin24Pro;;0;71196648
774;ОбменМонет;;0;10139263
766;UniCash;;0;68050267
764;NiceChange;;0;231902541
772;CoinPayMaster;;0;189402954
792;SberBit;;0;715946
799;Криптообменник;;0;861602
801;Coin-Future;;0;192228
793;IceBTC;;0;25568728
798;Quickex;;0;65725535
808;ChangeCoins;;0;240672
814;BitBits;;0;107992
835;7Pay;709807738416;1512;308257
827;Crypster;;0;13519011
812;Ex-Bank;;0;3628510
823;Обменочка;;0;612192
809;XbitMoney;155289860990;1529;367409
825;MyChanger;;0;1574243
816;WM007;;0;14439
840;YoChange;;0;212249623
838;AlfaExchange;;0;79412463
839;MyInvestStory;;0;2878
821;ExchangeTeam;;0;139114894
815;Belqi;;0;24832172
842;AllMoney;406103529800;225;411022
850;Keine-Exchange;;0;7958150
846;ExchangeYourMoney;;0;1457141
847;BitPride-Exchange;;0;224075738
848;SwapCoin;;0;17124584
852;RamonCash;;0;20133537
857;Paytiz;227421344645;264;3260308
855;CoinStart;;0;2210036
858;FixedFloat;;0;4593380
865;Bixter;;0;10411263
869;ExpoChange;412963033166;0;310677
866;Delets;;0;11698559
871;BitokMe;;0;330691328
895;CryptoBarMen;;0;53269815
867;Сумма;;0;4853508
870;Alfa-Trades;;0;24940062
882;BuyBank;;0;4441381
881;AllTrustMe;;0;4082529
877;Об-мен;963523258975;0;695441
890;Bitcoff;631856629771;0;101300
884;Cryptex;;0;1210611
907;ObmenAT24;;0;2955501
905;TraiderIdeal;;0;197116
902;BTC-Волга;;0;8142697
885;JPMarket;;0;152946530
897;AnonEx;;0;2971983
888;GramBit;;0;337927374
894;КупиБит;;0;1824952
887;KZObmen;;0;11373
898;Вобменка;;0;460671
906;CryptoHonest;;0;130041006
901;WMStar;310224582545;0;265166
899;CoinShop24;;0;88033230
900;Obmen-Box;;0;42951691
896;CoinChanger;;0;168767
910;WMT;797230232341;279;42756
915;CoinGuru;;0;78141111
914;Ex-code;;0;6808
989;CoinsBlack;890273718097;0;1859934
913;Quantex;;0;4850226
917;Micro-exchange;;0;39016485
916;Cryptos;;0;1175833
925;Sunduk;;0;129857
918;КриптоРай;;0;411155
939;EuroBit;;0;7333858
935;Wiki-Exchange;;0;139582303
922;PayWallet;;0;358376
943;TopCash;;0;353198
927;Msk-Exchange;;0;16809120
933;TytCash;;0;62815
929;RoyalCash;;0;452058642
930;Crypto-Store;;0;211850
942;ExHub;;0;5570784
944;EExchanger;330964771407;0;5135987
949;Coco-Pay;;0;25906801
948;AbcObmen;;0;247278723
951;PrideChange;;0;30665172
952;ExLine;;0;207852
954;EggChange;;0;12064249
961;MyBTC;;0;55404343
960;Crybex;195257639270;0;33349102
959;ExchangeKey;;0;38447955
953;Livex;;0;46049
956;Обменко;;0;572084
958;24Zone;;0;56239223
962;StyleBTC;;0;207542
963;Global-Ex;;0;77298
955;AlfaBit;;0;27871719
966;BlaBlaChange;;0;37314216
964;ExBase;;0;651812
1018;BissonExchange;;0;621452
967;КриптоОбмен;;0;211431
981;WMChanger;032757413663;0;1293134
1016;Банкир;;0;370084
997;CoinJoin;;0;23878870
985;Tuco;;0;6098337
983;Bitality;;0;83568913
968;CryptoMax;;0;120778707
973;Number1;;0;14817348
977;CityBit;;0;15019494
984;Cash-Bit;;0;0
969;4Money;;0;60481099
994;TipTopObmen;;0;72413136
976;ChangeProject;;0;536862909
992;OneMoment;;0;82234920
970;AlfaChange;;0;58062859
987;Itez;;0;3256454
974;BestKurs24;;0;34898
980;GrandChange;;0;312572224
975;PremierCash;;0;493669
986;PayFull;;0;70008
1011;IChangeOne;137024936562;0;93700
999;LetsPay;;0;2123747
1003;Crypto-Market24;;0;0
998;Момент;;0;13345
1027;Nordex;;0;644601
1040;HiExchange;209080513788;542;722230
1013;AvanChange;359556728149;0;41213182
1008;BroExchange;;0;57904016
1005;EezyCash;594705036984;3;43195387
1006;Сова;;0;5137816
1002;ExCenter;;0;53927226
1001;CatBit;;0;1725705
1000;BazaObmena;;0;47427814
1007;Platex;;0;0
1014;Coin24;;0;890721
1015;ТочкаОбмена;512160110371;0;57127
1020;Bit2Cash;;0;1205178
1010;Coinumm;;0;1297797
1032;Crypto-Bank;;0;396619
1026;Ripae;;0;69909
1021;Крипта;;0;4345839
1009;CryptoShopping;;0;51537
1019;001K;156178959868;66;3706320
1029;SwiftChange;;0;13096246
1004;ExWm;910856141988;399;2658
1038;Обама;455223738561;200;2092561
1036;CoinCat;;0;13488680
1028;BtcSale;;0;7029110
1030;4Pay;;0;50881
1023;UnioChange;;0;1278000
1033;CosmoChanger;;0;42366427
1025;GlobalBits;;0;20067210
1035;CryptoXchange;;0;5590299
1024;Just-Exchanger;;0;0
1037;Crypik;;0;3931366
1034;ClickPay;285857469245;41;1065130
1047;Money-Office;;0;13444318
1046;Муха;;0;130277
1045;AgCash;;0;1097410
1044;BitBong;;0;12063137
1041;AnyExchange;;0;42826356
1042;CoinBox;;0;255614
1049;BlaBlaMoney;;0;17651018
1050;Kursov24;;0;23877105
1065;X-Obmen;905028210175;0;146658
1054;24BitBank;;0;6278250
1053;ATMExchanger;;0;212848
1059;ОбменкаSU;;0;13504
1052;Artek-Exchanger;;0;0
1057;Fly-Pay;206304305615;227;77402
1056;First-BTC;;0;19973179
1062;FlyObmen;;0;107215
1064;ObmenGuru;185471005666;154;25918
1051;КриптоКасса;;0;2664754
1061;Adb;;0;20725554
1069;Clean-Exchange;;0;561982
1060;CryptoStrike;;0;50035238
1063;Оборот;;0;10845
1067;InstaBit;557452850931;0;46930
1070;Монеткин;;0;26495791
1071;CoinDrop;;0;165940
1072;N1ex;;0;0
1073;IziBTC;;0;236563408